1024 768
100
49 632 417 858
32 874 264 715
20 150 545 795
5 596 739 673
80 279 991 146
54 660 712 834
33 447 516 625
7 543 868 130
21 509 503 201
96 450 528 898
92 800 668 663
76 859 974 535
31 884 536 684
48 288 331 852
12 754 318 208
64 117 578 945
57 527 770 535
46 522 555 681
88 256 133 559
51 594 541 995
74 178 172 687
72 780 248 897
55 168 1020 715
13 382 477 967
56 595 382 583
90 663 627 742
77 127 780 366
34 580 910 880
30 938 246 784
73 327 224 108
67 309 483 761
38 614 118 355
28 145 281 274
82 192 952 281
69 380 349 813
85 426 1006 463
98 742 930 771
42 146 218 281
24 841 968 282
11 245 891 637
18 315 637 923
26 283 789 308
83 148 724 591
41 488 296 859
37 280 985 813
87 845 939 212
93 459 638 765
15 128 841 166
99 438 761 430
79 473 485 472